17 19

7
308 10 1
1 1 0
811 183
798.687 198.76 823.313 167.24 0 0
Rezist
5W

5
0 10 1
1 0 0
630 310
630 310 0 0 0 0
Nod
1

5
0 10 1
1 0 0
637 533
637 533 0 0 0 0
Nod
2

3
0 10 1
1 1 0
747 312
737 312 762 312 0 0
Condens
10W

2
0 10 1
1 1 0
897 269
877 269 917 269 0 0
Baterie
10W

2
0 10 1
1 1 0
913 388
893 388 933 388 0 0
Baterie2
5A

5
0 10 1
1 0 0
850 465
850 465 0 0 0 0
Nod
3

1
48 8 1
1 1 1
1249 300
1233.83 265.217 1215.99 281.276 1273.09 326.753
Amplop
legat

11
270 8 1
1 1 1
1626 414
1626 422 1610 406 1642 406
Tranznpn
Ok

12
64 8 1
1 1 1
1629 489
1625.49 481.81 1646.89 489.176 1618.13 503.204
Tranzpnp
Fain

1
21 8 1
1 1 1
1451 570
1421.69 545.896 1413.09 568.302 1484.61 582.901
Amplop2
da

6
54 10 1
1 1 0
1242 537
1236.12 528.91 1247.88 545.09 0 0
Polariz
Cum

6
0 10 1
1 1 0
1241 641
1231 641 1251 641 696 361
Polariz
bun

8
0 8 1
1 1 0
908 530
860 530 956 530 953 491
Servo
motor

7
0 10 1
1 1 0
891 637
871 637 911 637 956 562
Rezistor
9W

13
0 8 1
1 1 0
1448 341
1436 341 1456 341 956 562
-
-

2
0 10 1
0 0 0
104 454
84 454 124 454 0 0
-
-

1 2
1 4
630 310 737 312
0

1 1
1 2
798.687 198.76 630 310
1

1 2
1 3
630 310 637 533
1

2 4
1 5
762 312 877 269
1

2 5
2 6
917 269 933 388
2

1 6
1 7
893 388 850 465
1

2 1
1 8
823.313 167.24 1233.83 265.217
2

2 8
1 7
1215.99 281.276 850 465
2

3 9
2 10
1642 406 1646.89 489.176
2

1 9
1 10
1626 422 1625.49 481.81
2

3 10
3 11
1618.13 503.204 1484.61 582.901
2

2 11
2 13
1413.09 568.302 1251 641
2

2 12
1 11
1247.88 545.09 1421.69 545.896
2

1 15
1 3
871 637 637 533
1

1 14
1 3
860 530 637 533
2

2 14
1 12
956 530 1236.12 528.91
0

1 13
2 15
1231 641 911 637
0

3 8
1 16
1273.09 326.753 1436 341
0

2 16
2 9
1456 341 1610 406
0

