18 22

7
25 10 1
1 1 0
343 207
324.874 198.548 361.126 215.452 0 0
Rezist
5W

5
0 3 1
1 0 0
162 334
162 334 0 0 0 0
Nod
1

5
0 3 1
1 0 0
169 557
169 557 0 0 0 0
Nod
2

3
315 10 1
1 1 0
279 336
271.929 343.071 289.607 325.393 0 0
Condens
10W

2
344 10 1
1 1 0
429 293
409.775 298.513 448.225 287.487 0 0
Baterie
10W

2
27 10 1
1 1 0
445 412
427.18 402.92 462.82 421.08 0 0
Baterie2
5A

5
349 10 1
1 0 0
382 489
382 489 0 0 0 0
Nod
3

1
15 12 1
1 1 1
781 324
733.499 292.637 724.181 327.41 833.16 337.976
Amplop
legat

11
219 8 1
1 1 1
1158 438
1164.22 443.035 1141.71 445.4 1161.85 420.531
Tranznpn
Ok

12
69 8 1
1 1 1
1161 513
1158.13 505.531 1178.8 514.735 1148.93 526.203
Tranzpnp
Fain

1
345 10 1
1 1 1
983 594
935.579 591.981 943.649 617.463 1026.39 583.278
Amplop2
da

6
74 10 1
1 1 0
774 561
771.244 551.387 776.756 570.613 0 0
Polariz
Cum

6
328 10 1
1 1 0
773 665
764.52 670.299 781.48 659.701 696 361
Polariz
bun

8
356 8 1
1 1 0
440 554
392.117 557.348 487.883 550.652 953 491
Servo
motor

7
28 10 1
1 1 0
423 661
405.341 651.611 440.659 670.389 956 562
Rezistor
9W

13
78 8 1
1 1 0
980 365
977.505 353.262 981.663 372.825 956 562
-
-

1
305 8 1
1 1 1
-280 299
-310.479 321.607 -290.819 335.372 -259.351 269.511
-
-

1
64 8 1
1 1 1
-288 444
-292.996 406.383 -314.567 416.904 -272.219 476.357
Nume
SSS

1 2
1 4
162 334 271.929 343.071
0

1 1
1 2
324.874 198.548 162 334
1

1 2
1 3
162 334 169 557
1

2 4
1 5
289.607 325.393 409.775 298.513
1

2 5
2 6
448.225 287.487 462.82 421.08
2

1 6
1 7
427.18 402.92 382 489
1

2 1
1 8
361.126 215.452 733.499 292.637
2

2 8
1 7
724.181 327.41 382 489
2

3 9
2 10
1161.85 420.531 1178.8 514.735
2

1 9
1 10
1164.22 443.035 1158.13 505.531
2

3 10
3 11
1148.93 526.203 1026.39 583.278
2

2 11
2 13
943.649 617.463 781.48 659.701
2

2 12
1 11
776.756 570.613 935.579 591.981
2

1 15
1 3
405.341 651.611 169 557
1

1 14
1 3
392.117 557.348 169 557
2

2 14
1 12
487.883 550.652 771.244 551.387
0

1 13
2 15
764.52 670.299 440.659 670.389
0

3 8
1 16
833.16 337.976 977.505 353.262
0

2 16
2 9
981.663 372.825 1141.71 445.4
0

2 18
1 17
-314.567 416.904 -310.479 321.607
0

2 17
1 18
-290.819 335.372 -292.996 406.383
0

3 18
3 17
-272.219 476.357 -259.351 269.511
2

