7 6

7
0 10 1
1 0 0
301 206
281 206 321 206 0 0
Rezist
5W
5
0 10 1
1 0 0
120 333
120 333 0 0 0 0
Nod
1
5
0 10 1
1 0 0
127 556
127 556 0 0 0 0
Nod
2
3
0 10 1
1 1 0
237 335
227 335 252 335 0 0
Condens
10W
2
0 10 1
1 1 0
387 292
367 292 407 292 0 0
Baterie
10W
2
0 10 1
1 1 0
403 411
383 411 423 411 0 0
Baterie2
5A
5
0 10 1
1 0 0
340 488
340 488 0 0 0 0
Nod
3
1 2
1 4
120 333 227 335
0

1 1
1 2
281 206 120 333
1

1 2
1 3
120 333 127 556
1

2 4
1 5
252 335 367 292
1

2 5
2 6
407 292 423 411
2

1 6
1 7
383 411 340 488
1

