16 19

7
0 10 1
1 1 0
301 206
281 206 321 206 0 0
Rezist
5W

5
0 10 1
1 0 0
120 333
120 333 0 0 0 0
Nod
1

5
0 10 1
1 0 0
127 556
127 556 0 0 0 0
Nod
2

3
0 10 1
1 1 0
237 335
227 335 252 335 0 0
Condens
10W

2
0 10 1
1 1 0
387 292
367 292 407 292 0 0
Baterie
10W

2
0 10 1
1 1 0
403 411
383 411 423 411 0 0
Baterie2
5A

5
0 10 1
1 0 0
340 488
340 488 0 0 0 0
Nod
3

1
0 8 1
1 1 1
739 323
703 311 703 335 775 323
Amplop
legat

11
270 8 1
1 1 1
1116 437
1116 445 1100 429 1132 429
Tranznpn
Ok

12
90 8 1
1 1 1
1119 512
1119 504 1135 520 1103 520
Tranzpnp
Fain

1
0 8 1
1 1 1
941 593
905 581 905 605 977 593
Amplop2
da

6
0 10 1
1 1 0
732 560
722 560 742 560 0 0
Polariz
Cum

6
0 10 1
1 1 0
731 664
721 664 741 664 696 361
Polariz
bun

8
0 8 1
1 1 0
398 553
350 553 446 553 953 491
Servo
motor

7
0 10 1
1 1 0
381 660
361 660 401 660 956 562
Rezistor
9W

13
0 8 1
1 1 0
938 364
926 364 946 364 956 562
-
-

1 2
1 4
120 333 227 335
0

1 1
1 2
281 206 120 333
1

1 2
1 3
120 333 127 556
1

2 4
1 5
252 335 367 292
1

2 5
2 6
407 292 423 411
2

1 6
1 7
383 411 340 488
1

2 1
1 8
321 206 703 311
2

2 8
1 7
703 335 340 488
2

3 9
2 10
1132 429 1135 520
2

1 9
1 10
1116 445 1119 504
2

3 10
3 11
1103 520 977 593
2

2 11
2 13
905 605 741 664
2

2 12
1 11
742 560 905 581
2

1 15
1 3
361 660 127 556
1

1 14
1 3
350 553 127 556
2

2 14
1 12
446 553 722 560
0

1 13
2 15
721 664 401 660
0

3 8
1 16
775 323 926 364
0

2 16
2 9
946 364 1100 429
0

